SRF 315 vertices 626 cells
Eref = 1.000000 ESurf  = -3.836476 Error = 4.836476 Rel. error = 4.8365
Eref = 1.000000 EPanel = -3.831152 Error = 4.831152 Rel. error = 4.8312
Flops_Surf  = 2.7928e+07 Flops_S2S_Surf  = 2.0837e+06
Flops_Panel = 2.6371e+08 Flops_S2S_Panel = 7.8040e+07