SRF 4495 vertices 8986 cells
Eref = 1.000000 ESurf  = -3.731230 Error = 4.731230 Rel. error = 4.7312
Eref = 1.000000 EPanel = -3.705964 Error = 4.705964 Rel. error = 4.7060
Flops_Surf  = 6.1964e+10 Flops_S2S_Surf  = 4.2431e+08
Flops_Panel = 4.9951e+11 Flops_S2S_Panel = 1.1775e+10