SRF 417 vertices 830 cells
Total area: 449.024 Sphere area: 452.389
Simple 453 vertices
Eref = -83.592836 ESurf   = -85.930866 Error = 2.338030 Rel. error = -0.0280
Eref = -83.592836 ESurfMF = -85.930866 Error = 2.338030 Rel. error = -0.0280
Eref = -83.592836 ESimple = -86.308935 Error = 2.716099 Rel. error = -0.0325
Eref = -83.592836 EPanel  = -84.249312 Error = 0.656476 Rel. error = -0.0079
Flops_Surf  = 5.5724e+07 Flops_S2S_Surf  = 3.6517e+06
Flops_SurfMF= 7.8817e+06 Flops_S2S_Surf  = 3.6517e+06
Flops_Panel = 5.3449e+08 Flops_S2S_Panel = 1.3717e+08
Flops_Simple = 7.0679e+07 Flops_S2S_Simple = 4.3094e+06