SRF 417 vertices 830 cells
Total area: 449.024 Sphere area: 452.389
Simple 453 vertices
Eref = -2.166903 ESurf   = -2.233687 Error = 0.066784 Rel. error = -0.0308
Eref = -2.166903 ESimple = -2.240446 Error = 0.073543 Rel. error = -0.0339
Eref = -2.166903 EPanel  = -2.187093 Error = 0.020190 Rel. error = -0.0093
Flops_Surf  = 5.2523e+07 Flops_S2S_Surf  = 3.6517e+06
Flops_Panel = 5.2066e+08 Flops_S2S_Panel = 1.3717e+08
Flops_Simple = 6.6907e+07 Flops_S2S_Simple = 4.3094e+06