SRF 480 vertices 956 cells
Eref = 1.000000 ESurf  = -3.745737 Error = 4.745737 Rel. error = 4.7457
Eref = 1.000000 EPanel = -3.708791 Error = 4.708791 Rel. error = 4.7088
Flops_Surf  = 9.0077e+07 Flops_S2S_Surf  = 4.8384e+06
Flops_Panel = 8.1370e+08 Flops_S2S_Panel = 1.8196e+08