SRF 263 vertices 522 cells
Eref = 1.000000 ESurf  = -31.118891 Error = 32.118891 Rel. error = 32.1189
Eref = 1.000000 EPanel = -27.575543 Error = 28.575543 Rel. error = 28.5755
Flops_Surf  = 1.8812e+07 Flops_S2S_Surf  = 1.4526e+06
Flops_Panel = 1.7263e+08 Flops_S2S_Panel = 5.4272e+07