SRF 3772 vertices 7540 cells
Eref = 1.000000 ESurf  = -3.724303 Error = 4.724303 Rel. error = 4.7243
Eref = 1.000000 EPanel = -3.702665 Error = 4.702665 Rel. error = 4.7027
Flops_Surf  = 3.6776e+10 Flops_S2S_Surf  = 2.9879e+08
Flops_Panel = 2.9991e+11 Flops_S2S_Panel = 1.1314e+10